cam0:
  cam_overlaps: [1]
  camera_model: pinhole
  distortion_coeffs: [0.057719623357039465, -0.1809152724840369, -0.00022929194334442591,
    0.0010394010287085237]
  distortion_model: radtan
  intrinsics: [606.1438676600029, 606.3312677376747, 328.5929543619112, 241.99948189334307]
  resolution: [640, 480]
  rostopic: /camera1/color/image_raw/throttled
cam1:
  T_cn_cnm1:
  - [0.9996910919621509, 0.018017978161144674, -0.01711937833303621, 0.019127046501817676]
  - [-0.018026060923444043, 0.999837466813255, -0.00031793716411354146, 0.10740236302813304]
  - [0.017110867281041008, 0.0006264339075708137, 0.9998534021552624, 0.01056355265925493]
  - [0.0, 0.0, 0.0, 1.0]
  cam_overlaps: [0]
  camera_model: omni
  distortion_coeffs: [-0.23796660131295425, -0.07359355655397719, -0.0016299316979402824,
    0.0011774485589893017]
  distortion_model: radtan
  intrinsics: [1.0384377463831844, 578.9926968369051, 579.9740456194394, 428.8315848419632,
    408.4447788037307]
  resolution: [848, 800]
  rostopic: /camera2/fisheye1/image_raw/throttled
